0.00000 0.28859 0.46080 0.29691 0.59144 0.56294 0.50237 0.45961 0.30641
0.28859 0.00000 0.53800 0.45486 0.63182 0.61995 0.57838 0.54275 0.45486
0.46080 0.53800 0.00000 0.29691 0.63657 0.63539 0.60688 0.46318 0.55463
0.29691 0.45486 0.29691 0.00000 0.63420 0.60688 0.57125 0.31116 0.46080
0.59144 0.63182 0.63657 0.63420 0.00000 0.49762 0.34560 0.66627 0.51425
0.56294 0.61995 0.63539 0.60688 0.49762 0.00000 0.29334 0.62945 0.48693
0.50237 0.57838 0.60688 0.57125 0.34560 0.29334 0.00000 0.62589 0.34679
0.45961 0.54275 0.46318 0.31116 0.66627 0.62945 0.62589 0.00000 0.54631
0.30641 0.45486 0.55463 0.46080 0.51425 0.48693 0.34679 0.54631 0.00000
